Wavelenght	Global Total Spectral Irradiance. tilt 37Deg
200	-1.89e-19
201	-1.87e-19
202	-1.85e-19
203	-1.82e-19
204	-1.8e-19
205	-1.77e-19
206	-1.75e-19
207	-1.73e-19
208	-1.7e-19
209	-1.68e-19
210	-1.66e-19
211	-1.63e-19
212	-1.61e-19
213	-1.59e-19
214	-1.56e-19
215	-1.54e-19
216	-1.51e-19
217	-1.49e-19
218	-1.47e-19
219	-1.44e-19
220	-1.42e-19
221	-1.4e-19
222	-1.37e-19
223	-1.35e-19
224	-1.32e-19
225	-1.3e-19
226	-1.28e-19
227	-1.25e-19
228	-1.23e-19
229	-1.21e-19
230	-1.18e-19
231	-1.16e-19
232	-1.14e-19
233	-1.11e-19
234	-1.09e-19
235	-1.06e-19
236	-1.04e-19
237	-1.02e-19
238	-9.94e-20
239	-9.7e-20
240	-9.46e-20
241	-9.23e-20
242	-8.99e-20
243	-8.75e-20
244	-8.52e-20
245	-8.28e-20
246	-8.04e-20
247	-7.81e-20
248	-7.57e-20
249	-7.33e-20
250	-7.1e-20
251	-6.86e-20
252	-6.62e-20
253	-6.39e-20
254	-6.15e-20
255	-5.91e-20
256	-5.68e-20
257	-5.44e-20
258	-5.2e-20
259	-4.97e-20
260	-4.73e-20
261	-4.49e-20
262	-4.26e-20
263	-4.02e-20
264	-3.78e-20
265	-3.55e-20
266	-3.31e-20
267	-3.07e-20
268	-2.84e-20
269	-2.6e-20
270	-2.36e-20
271	-2.13e-20
272	-1.89e-20
273	-1.65e-20
274	-1.42e-20
275	-1.18e-20
276	-9.42e-21
277	-7.05e-21
278	-4.69e-21
279	-2.32e-21
280	4.73e-23
281	5.69e-21
282	1.19e-18
283	1.85e-17
284	7.27e-16
285	8.01e-15
286	1.37e-13
287	2.74e-12
288	6.23e-11
289	5.63e-10
290	6.02e-9
291	3.51e-8
292	2.68e-7
293	8.65e-7
294	4.17e-6
295	1.23e-5
296	4.79e-5
297	9.68e-5
298	2.9e-4
299	4.92e-4
300	0
301	0
302	0
303	0.01
304	0.01
305	0.02
306	0.02
307	0.03
308	0.04
309	0.04
310	0.05
311	0.08
312	0.09
313	0.11
314	0.12
315	0.14
316	0.12
317	0.17
318	0.18
319	0.2
320	0.21
321	0.25
322	0.22
323	0.21
324	0.28
325	0.28
326	0.38
327	0.4
328	0.35
329	0.42
330	0.47
331	0.4
332	0.44
333	0.43
334	0.41
335	0.46
336	0.42
337	0.37
338	0.43
339	0.46
340	0.5
341	0.47
342	0.49
343	0.51
344	0.42
345	0.46
346	0.48
347	0.49
348	0.48
349	0.47
350	0.53
351	0.55
352	0.52
353	0.52
354	0.6
355	0.61
356	0.55
357	0.46
358	0.43
359	0.47
360	0.6
361	0.52
362	0.53
363	0.6
364	0.61
365	0.62
366	0.74
367	0.72
368	0.67
369	0.69
370	0.76
371	0.69
372	0.67
373	0.62
374	0.56
375	0.59
376	0.67
377	0.71
378	0.86
379	0.74
380	0.7
381	0.76
382	0.59
383	0.45
384	0.51
385	0.67
386	0.62
387	0.65
388	0.64
389	0.69
390	0.8
391	0.85
392	0.79
393	0.48
394	0.5
395	0.81
396	0.76
397	0.43
398	0.85
399	1.07
400	1.11
401	1.16
402	1.21
403	1.16
404	1.18
405	1.15
406	1.12
407	1.1
408	1.15
409	1.23
410	1.05
411	1.17
412	1.25
413	1.2
414	1.18
415	1.23
416	1.26
417	1.23
418	1.18
419	1.23
420	1.12
421	1.28
422	1.26
423	1.22
424	1.21
425	1.25
426	1.21
427	1.17
428	1.18
429	1.1
430	0.87
431	0.79
432	1.32
433	1.23
434	1.14
435	1.25
436	1.37
437	1.39
438	1.22
439	1.18
440	1.35
441	1.33
442	1.43
443	1.45
444	1.41
445	1.46
446	1.31
447	1.49
448	1.51
449	1.5
450	1.56
451	1.62
452	1.55
453	1.43
454	1.53
455	1.52
456	1.57
457	1.59
458	1.55
459	1.54
460	1.53
461	1.58
462	1.6
463	1.6
464	1.55
465	1.54
466	1.57
467	1.5
468	1.56
469	1.57
470	1.51
471	1.53
472	1.61
473	1.55
474	1.57
475	1.62
476	1.56
477	1.57
478	1.62
479	1.59
480	1.62
481	1.62
482	1.62
483	1.6
484	1.57
485	1.57
486	1.27
487	1.42
488	1.54
489	1.45
490	1.62
491	1.56
492	1.49
493	1.59
494	1.55
495	1.65
496	1.57
497	1.59
498	1.55
499	1.55
500	1.55
501	1.5
502	1.5
503	1.57
504	1.46
505	1.56
506	1.63
507	1.56
508	1.52
509	1.59
510	1.55
511	1.58
512	1.62
513	1.52
514	1.49
515	1.53
516	1.55
517	1.26
518	1.44
519	1.4
520	1.52
521	1.53
522	1.57
523	1.48
524	1.59
525	1.58
526	1.53
527	1.34
528	1.54
529	1.61
530	1.54
531	1.63
532	1.6
533	1.43
534	1.53
535	1.55
536	1.62
537	1.5
538	1.57
539	1.54
540	1.48
541	1.43
542	1.55
543	1.53
544	1.58
545	1.54
546	1.53
547	1.55
548	1.5
549	1.55
550	1.54
551	1.54
552	1.57
553	1.53
554	1.55
555	1.56
556	1.54
557	1.5
558	1.53
559	1.45
560	1.47
561	1.56
562	1.48
563	1.54
564	1.51
565	1.52
566	1.44
567	1.53
568	1.52
569	1.48
570	1.48
571	1.43
572	1.51
573	1.52
574	1.51
575	1.48
576	1.47
577	1.5
578	1.46
579	1.48
580	1.5
581	1.51
582	1.53
583	1.55
584	1.54
585	1.53
586	1.5
587	1.53
588	1.49
589	1.29
590	1.37
591	1.47
592	1.44
593	1.46
594	1.45
595	1.43
596	1.47
597	1.48
598	1.46
599	1.46
600	1.48
601	1.46
602	1.44
603	1.47
604	1.49
605	1.49
606	1.48
607	1.49
608	1.49
609	1.47
610	1.47
611	1.46
612	1.48
613	1.46
614	1.42
615	1.47
616	1.43
617	1.41
618	1.47
619	1.47
620	1.47
621	1.48
622	1.43
623	1.42
624	1.41
625	1.4
626	1.4
627	1.44
628	1.36
629	1.41
630	1.39
631	1.42
632	1.36
633	1.45
634	1.43
635	1.45
636	1.41
637	1.46
638	1.47
639	1.46
640	1.43
641	1.43
642	1.44
643	1.45
644	1.45
645	1.46
646	1.42
647	1.41
648	1.4
649	1.35
650	1.36
651	1.44
652	1.39
653	1.43
654	1.42
655	1.35
656	1.19
657	1.24
658	1.39
659	1.39
660	1.4
661	1.39
662	1.38
663	1.38
664	1.4
665	1.42
666	1.42
667	1.41
668	1.42
669	1.44
670	1.42
671	1.42
672	1.4
673	1.41
674	1.41
675	1.4
676	1.41
677	1.4
678	1.41
679	1.39
680	1.4
681	1.39
682	1.4
683	1.38
684	1.37
685	1.37
686	1.34
687	0.97
688	1.12
689	1.13
690	1.18
691	1.23
692	1.27
693	1.26
694	1.25
695	1.27
696	1.27
697	1.34
698	1.32
699	1.29
700	1.28
701	1.27
702	1.27
703	1.27
704	1.31
705	1.32
706	1.31
707	1.31
708	1.3
709	1.31
710	1.32
711	1.32
712	1.31
713	1.29
714	1.3
715	1.26
716	1.27
717	1.11
718	1.03
719	0.92
720	0.99
721	1.09
722	1.24
723	1.14
724	1.06
725	1.04
726	1.08
727	1.09
728	1.04
729	1.05
730	1.13
731	1.07
732	1.15
733	1.2
734	1.24
735	1.22
736	1.21
737	1.2
738	1.23
739	1.19
740	1.22
741	1.21
742	1.22
743	1.24
744	1.25
745	1.25
746	1.25
747	1.25
748	1.24
749	1.24
750	1.23
751	1.23
752	1.23
753	1.23
754	1.24
755	1.24
756	1.22
757	1.22
758	1.23
759	1.19
760	0.27
761	0.15
762	0.69
763	0.38
764	0.54
765	0.69
766	0.81
767	0.97
768	1.11
769	1.13
770	1.16
771	1.17
772	1.18
773	1.18
774	1.18
775	1.18
776	1.18
777	1.17
778	1.17
779	1.18
780	1.16
781	1.16
782	1.17
783	1.16
784	1.15
785	1.16
786	1.16
787	1.15
788	1.13
789	1.13
790	1.09
791	1.11
792	1.1
793	1.09
794	1.1
795	1.09
796	1.07
797	1.09
798	1.11
799	1.09
800	1.07
801	1.08
802	1.09
803	1.07
804	1.08
805	1.05
806	1.1
807	1.09
808	1.08
809	1.05
810	1.06
811	1.05
812	1.03
813	1.01
814	0.9
815	0.9
816	0.83
817	0.85
818	0.82
819	0.91
820	0.86
821	1
822	0.95
823	0.67
824	0.94
825	0.97
826	0.93
827	0.98
828	0.85
829	0.93
830	0.92
831	0.92
832	0.89
833	0.96
834	0.93
835	1
836	0.97
837	1.01
838	1
839	1
840	1.02
841	1.01
842	1
843	1.01
844	0.99
845	1.02
846	1.02
847	0.99
848	0.99
849	0.99
850	0.89
851	0.97
852	0.97
853	0.96
854	0.85
855	0.91
856	0.97
857	0.99
858	0.99
859	0.99
860	0.99
861	0.99
862	0.99
863	1
864	0.98
865	0.96
866	0.85
867	0.92
868	0.96
869	0.95
870	0.97
871	0.95
872	0.97
873	0.96
874	0.94
875	0.93
876	0.95
877	0.96
878	0.95
879	0.94
880	0.94
881	0.91
882	0.93
883	0.93
884	0.93
885	0.94
886	0.91
887	0.91
888	0.92
889	0.93
890	0.92
891	0.93
892	0.91
893	0.87
894	0.85
895	0.81
896	0.76
897	0.67
898	0.72
899	0.55
900	0.74
901	0.6
902	0.67
903	0.69
904	0.84
905	0.82
906	0.78
907	0.64
908	0.65
909	0.7
910	0.62
911	0.67
912	0.69
913	0.63
914	0.63
915	0.68
916	0.58
917	0.73
918	0.59
919	0.74
920	0.74
921	0.78
922	0.7
923	0.75
924	0.72
925	0.71
926	0.7
927	0.79
928	0.59
929	0.55
930	0.43
931	0.41
932	0.3
933	0.25
934	0.14
935	0.25
936	0.16
937	0.16
938	0.2
939	0.4
940	0.47
941	0.37
942	0.41
943	0.28
944	0.29
945	0.37
946	0.19
947	0.37
948	0.27
949	0.49
950	0.15
951	0.48
952	0.27
953	0.34
954	0.42
955	0.34
956	0.33
957	0.27
958	0.46
959	0.37
960	0.42
961	0.46
962	0.44
963	0.51
964	0.46
965	0.5
966	0.5
967	0.5
968	0.65
969	0.69
970	0.63
971	0.71
972	0.69
973	0.61
974	0.58
975	0.59
976	0.57
977	0.64
978	0.62
979	0.64
980	0.6
981	0.71
982	0.69
983	0.67
984	0.74
985	0.69
986	0.75
987	0.74
988	0.73
989	0.75
990	0.73
991	0.75
992	0.75
993	0.74
994	0.75
995	0.75
996	0.75
997	0.74
998	0.74
999	0.74
1000	0.74
1001	0.74
1002	0.73
1003	0.73
1004	0.72
1005	0.68
1006	0.71
1007	0.73
1008	0.73
1009	0.72
1010	0.72
1011	0.72
1012	0.72
1013	0.72
1014	0.72
1015	0.71
1016	0.71
1017	0.7
1018	0.71
1019	0.69
1020	0.7
1021	0.7
1022	0.69
1023	0.7
1024	0.69
1025	0.7
1026	0.7
1027	0.69
1028	0.69
1029	0.69
1030	0.69
1031	0.69
1032	0.69
1033	0.68
1034	0.68
1035	0.68
1036	0.68
1037	0.67
1038	0.67
1039	0.68
1040	0.67
1041	0.67
1042	0.67
1043	0.67
1044	0.67
1045	0.66
1046	0.65
1047	0.66
1048	0.66
1049	0.66
1050	0.65
1051	0.66
1052	0.65
1053	0.65
1054	0.65
1055	0.65
1056	0.65
1057	0.64
1058	0.64
1059	0.62
1060	0.64
1061	0.62
1062	0.63
1063	0.62
1064	0.63
1065	0.63
1066	0.62
1067	0.62
1068	0.62
1069	0.59
1070	0.6
1071	0.62
1072	0.62
1073	0.6
1074	0.62
1075	0.59
1076	0.61
1077	0.6
1078	0.6
1079	0.6
1080	0.6
1081	0.58
1082	0.59
1083	0.6
1084	0.58
1085	0.59
1086	0.55
1087	0.57
1088	0.59
1089	0.58
1090	0.56
1091	0.59
1092	0.58
1093	0.51
1094	0.54
1095	0.52
1096	0.5
1097	0.58
1098	0.5
1099	0.51
1100	0.49
1101	0.5
1102	0.47
1103	0.47
1104	0.47
1105	0.51
1106	0.4
1107	0.48
1108	0.42
1109	0.41
1110	0.48
1111	0.33
1112	0.41
1113	0.27
1114	0.3
1115	0.25
1116	0.2
1117	0.08
1118	0.22
1119	0.11
1120	0.14
1121	0.19
1122	0.08
1123	0.13
1124	0.11
1125	0.14
1126	0.05
1127	0.16
1128	0.1
1129	0.11
1130	0.07
1131	0.3
1132	0.23
1133	0.15
1134	0.04
1135	0.02
1136	0.13
1137	0.29
1138	0.2
1139	0.3
1140	0.26
1141	0.19
1142	0.22
1143	0.31
1144	0.11
1145	0.15
1146	0.16
1147	0.06
1148	0.27
1149	0.22
1150	0.12
1151	0.2
1152	0.25
1153	0.24
1154	0.14
1155	0.31
1156	0.28
1157	0.31
1158	0.31
1159	0.34
1160	0.29
1161	0.35
1162	0.35
1163	0.47
1164	0.4
1165	0.39
1166	0.37
1167	0.41
1168	0.42
1169	0.42
1170	0.46
1171	0.45
1172	0.45
1173	0.46
1174	0.34
1175	0.45
1176	0.48
1177	0.47
1178	0.36
1179	0.48
1180	0.44
1181	0.46
1182	0.32
1183	0.44
1184	0.42
1185	0.41
1186	0.48
1187	0.46
1188	0.34
1189	0.42
1190	0.46
1191	0.45
1192	0.47
1193	0.45
1194	0.47
1195	0.45
1196	0.43
1197	0.48
1198	0.43
1199	0.36
1200	0.45
1201	0.44
1202	0.44
1203	0.43
1204	0.36
1205	0.44
1206	0.48
1207	0.43
1208	0.43
1209	0.41
1210	0.45
1211	0.42
1212	0.42
1213	0.47
1214	0.43
1215	0.43
1216	0.47
1217	0.46
1218	0.46
1219	0.45
1220	0.46
1221	0.47
1222	0.45
1223	0.44
1224	0.45
1225	0.46
1226	0.47
1227	0.43
1228	0.47
1229	0.47
1230	0.46
1231	0.47
1232	0.47
1233	0.45
1234	0.47
1235	0.47
1236	0.47
1237	0.46
1238	0.47
1239	0.46
1240	0.46
1241	0.46
1242	0.46
1243	0.46
1244	0.46
1245	0.46
1246	0.46
1247	0.46
1248	0.46
1249	0.46
1250	0.46
1251	0.45
1252	0.45
1253	0.45
1254	0.44
1255	0.45
1256	0.44
1257	0.44
1258	0.44
1259	0.43
1260	0.43
1261	0.41
1262	0.4
1263	0.4
1264	0.37
1265	0.4
1266	0.39
1267	0.39
1268	0.37
1269	0.25
1270	0.39
1271	0.41
1272	0.41
1273	0.41
1274	0.41
1275	0.41
1276	0.42
1277	0.42
1278	0.43
1279	0.42
1280	0.42
1281	0.41
1282	0.37
1283	0.41
1284	0.42
1285	0.42
1286	0.43
1287	0.42
1288	0.42
1289	0.41
1290	0.41
1291	0.42
1292	0.4
1293	0.41
1294	0.4
1295	0.41
1296	0.39
1297	0.37
1298	0.39
1299	0.41
1300	0.35
1301	0.36
1302	0.39
1303	0.35
1304	0.3
1305	0.38
1306	0.38
1307	0.31
1308	0.35
1309	0.38
1310	0.3
1311	0.33
1312	0.33
1313	0.31
1314	0.29
1315	0.29
1316	0.32
1317	0.31
1318	0.33
1319	0.27
1320	0.26
1321	0.3
1322	0.3
1323	0.23
1324	0.26
1325	0.32
1326	0.28
1327	0.27
1328	0.23
1329	0.18
1330	0.23
1331	0.14
1332	0.15
1333	0.2
1334	0.17
1335	0.23
1336	0.18
1337	0.16
1338	0.18
1339	0.18
1340	0.17
1341	0.17
1342	0.18
1343	0.13
1344	0.08
1345	0.11
1346	0.06
1347	0.06
1348	0
1349	0.02
1350	0.02
1351	0
1352	0
1353	9.61e-5
1354	2.9e-4
1355	3.6e-6
1356	4.81e-5
1357	7.18e-5
1358	4.19e-6
1359	7.34e-7
1360	2.14e-6
1361	4.81e-9
1362	1.81e-11
1363	3.16e-6
1364	1.36e-6
1365	9.08e-12
1366	1.28e-5
1367	4.98e-6
1368	1.48e-13
1369	5.17e-7
1370	2.92e-7
1371	1.97e-8
1372	2.75e-6
1373	4.44e-5
1374	1.79e-4
1375	3.23e-4
1376	2.57e-4
1377	1.23e-4
1378	0
1379	5.22e-5
1380	8.16e-5
1381	2.37e-6
1382	2.57e-6
1383	4.4e-8
1384	6.17e-7
1385	2.09e-6
1386	2.52e-6
1387	1.99e-4
1388	4.03e-6
1389	5.81e-4
1390	4.93e-4
1391	3.44e-4
1392	2.38e-5
1393	1.16e-4
1394	7.55e-5
1395	6.71e-7
1396	6.32e-9
1397	4.91e-5
1398	0
1399	8.12e-4
1400	3.25e-9
1401	1.05e-8
1402	0
1403	0
1404	7.39e-4
1405	3.64e-7
1406	0
1407	1.75e-4
1408	0
1409	6.19e-4
1410	4.67e-4
1411	0
1412	0
1413	0.02
1414	3.64e-4
1415	1.84e-4
1416	0.04
1417	0.01
1418	0.01
1419	0
1420	0.01
1421	0.01
1422	0.05
1423	0.01
1424	0.02
1425	0.03
1426	0.03
1427	0.05
1428	0
1429	0.04
1430	0.06
1431	0.05
1432	0
1433	0.04
1434	0.02
1435	0.02
1436	0.04
1437	0.03
1438	0.01
1439	0.05
1440	0.04
1441	0.03
1442	0.04
1443	0.05
1444	0.06
1445	0.05
1446	0.02
1447	0.04
1448	0.12
1449	0.1
1450	0.03
1451	0.01
1452	0.06
1453	0.08
1454	0.14
1455	0.07
1456	0.09
1457	0.12
1458	0.14
1459	0.16
1460	0.09
1461	0.09
1462	0.13
1463	0.04
1464	0.15
1465	0.09
1466	0.07
1467	0.04
1468	0.08
1469	0.09
1470	0.05
1471	0.02
1472	0.05
1473	0.07
1474	0.1
1475	0.18
1476	0.07
1477	0.07
1478	0.06
1479	0.12
1480	0.06
1481	0.12
1482	0.06
1483	0.15
1484	0.14
1485	0.13
1486	0.12
1487	0.06
1488	0.09
1489	0.19
1490	0.17
1491	0.2
1492	0.16
1493	0.18
1494	0.2
1495	0.18
1496	0.17
1497	0.23
1498	0.19
1499	0.22
1500	0.25
1501	0.27
1502	0.23
1503	0.18
1504	0.16
1505	0.18
1506	0.26
1507	0.26
1508	0.24
1509	0.19
1510	0.27
1511	0.26
1512	0.26
1513	0.24
1514	0.23
1515	0.27
1516	0.26
1517	0.25
1518	0.25
1519	0.24
1520	0.26
1521	0.28
1522	0.26
1523	0.28
1524	0.28
1525	0.26
1526	0.27
1527	0.26
1528	0.28
1529	0.27
1530	0.26
1531	0.27
1532	0.28
1533	0.28
1534	0.27
1535	0.27
1536	0.27
1537	0.27
1538	0.27
1539	0.27
1540	0.26
1541	0.27
1542	0.27
1543	0.27
1544	0.27
1545	0.28
1546	0.27
1547	0.27
1548	0.27
1549	0.27
1550	0.27
1551	0.27
1552	0.27
1553	0.27
1554	0.26
1555	0.27
1556	0.26
1557	0.27
1558	0.27
1559	0.27
1560	0.27
1561	0.27
1562	0.27
1563	0.27
1564	0.26
1565	0.27
1566	0.26
1567	0.26
1568	0.26
1569	0.25
1570	0.24
1571	0.24
1572	0.24
1573	0.23
1574	0.24
1575	0.24
1576	0.25
1577	0.22
1578	0.24
1579	0.24
1580	0.24
1581	0.25
1582	0.24
1583	0.25
1584	0.25
1585	0.26
1586	0.26
1587	0.25
1588	0.25
1589	0.23
1590	0.24
1591	0.24
1592	0.25
1593	0.26
1594	0.26
1595	0.26
1596	0.24
1597	0.25
1598	0.25
1599	0.24
1600	0.24
1601	0.22
1602	0.22
1603	0.22
1604	0.23
1605	0.24
1606	0.24
1607	0.23
1608	0.23
1609	0.23
1610	0.22
1611	0.23
1612	0.23
1613	0.24
1614	0.24
1615	0.24
1616	0.23
1617	0.23
1618	0.24
1619	0.24
1620	0.23
1621	0.23
1622	0.24
1623	0.24
1624	0.24
1625	0.24
1626	0.24
1627	0.24
1628	0.24
1629	0.24
1630	0.24
1631	0.24
1632	0.24
1633	0.23
1634	0.23
1635	0.23
1636	0.24
1637	0.23
1638	0.22
1639	0.22
1640	0.22
1641	0.22
1642	0.22
1643	0.22
1644	0.22
1645	0.22
1646	0.22
1647	0.23
1648	0.22
1649	0.22
1650	0.23
1651	0.21
1652	0.22
1653	0.22
1654	0.22
1655	0.22
1656	0.22
1657	0.22
1658	0.22
1659	0.22
1660	0.22
1661	0.22
1662	0.22
1663	0.22
1664	0.22
1665	0.21
1666	0.18
1667	0.21
1668	0.21
1669	0.22
1670	0.22
1671	0.22
1672	0.21
1673	0.22
1674	0.22
1675	0.21
1676	0.21
1677	0.21
1678	0.21
1679	0.21
1680	0.21
1681	0.19
1682	0.2
1683	0.21
1684	0.2
1685	0.21
1686	0.21
1687	0.2
1688	0.21
1689	0.21
1690	0.21
1691	0.19
1692	0.21
1693	0.21
1694	0.2
1695	0.21
1696	0.21
1697	0.18
1698	0.21
1699	0.21
1700	0.2
1701	0.2
1702	0.2
1703	0.2
1704	0.2
1705	0.2
1706	0.2
1707	0.19
1708	0.19
1709	0.19
1710	0.19
1711	0.19
1712	0.19
1713	0.19
1714	0.19
1715	0.19
1716	0.19
1717	0.19
1718	0.19
1719	0.19
1720	0.19
1721	0.19
1722	0.18
1723	0.18
1724	0.18
1725	0.18
1726	0.18
1727	0.18
1728	0.18
1729	0.17
1730	0.17
1731	0.17
1732	0.17
1733	0.17
1734	0.16
1735	0.16
1736	0.16
1737	0.16
1738	0.17
1739	0.17
1740	0.17
1741	0.17
1742	0.16
1743	0.16
1744	0.16
1745	0.15
1746	0.16
1747	0.16
1748	0.16
1749	0.16
1750	0.17
1751	0.16
1752	0.16
1753	0.16
1754	0.16
1755	0.15
1756	0.15
1757	0.16
1758	0.16
1759	0.16
1760	0.16
1761	0.15
1762	0.15
1763	0.14
1764	0.14
1765	0.13
1766	0.13
1767	0.14
1768	0.14
1769	0.14
1770	0.14
1771	0.14
1772	0.13
1773	0.13
1774	0.12
1775	0.11
1776	0.11
1777	0.11
1778	0.11
1779	0.1
1780	0.1
1781	0.1
1782	0.09
1783	0.09
1784	0.08
1785	0.08
1786	0.08
1787	0.08
1788	0.08
1789	0.09
1790	0.09
1791	0.08
1792	0.07
1793	0.06
1794	0.06
1795	0.05
1796	0.04
1797	0.04
1798	0.04
1799	0.03
1800	0.03
1801	0.03
1802	0.03
1803	0.02
1804	0.02
1805	0.01
1806	0.01
1807	0.01
1808	0.01
1809	0.01
1810	0.01
1811	0.01
1812	0.01
1813	0.01
1814	0
1815	0
1816	0
1817	0
1818	0
1819	0
1820	9.88e-4
1821	0
1822	0
1823	0
1824	0
1825	0
1826	0
1827	7.67e-4
1828	5.13e-4
1829	2.59e-4
1830	5.2e-6
1831	5.45e-6
1832	5.69e-6
1833	5.93e-6
1834	6.18e-6
1835	6.42e-6
1836	5.15e-6
1837	3.88e-6
1838	2.61e-6
1839	1.33e-6
1840	6.27e-8
1841	1.3e-6
1842	2.54e-6
1843	3.78e-6
1844	5.03e-6
1845	6.27e-6
1846	5.61e-6
1847	4.96e-6
1848	4.31e-6
1849	3.65e-6
1850	3e-6
1851	2.46e-6
1852	1.91e-6
1853	1.37e-6
1854	8.27e-7
1855	2.84e-7
1856	2.46e-6
1857	4.63e-6
1858	6.8e-6
1859	8.98e-6
1860	1.12e-5
1861	1.23e-5
1862	1.35e-5
1863	1.46e-5
1864	1.58e-5
1865	1.7e-5
1866	1.36e-5
1867	1.02e-5
1868	6.79e-6
1869	3.4e-6
1870	2.67e-10
1871	3.04e-10
1872	3.4e-10
1873	3.77e-10
1874	4.14e-10
1875	4.51e-10
1876	1.55e-5
1877	3.1e-5
1878	4.65e-5
1879	6.2e-5
1880	7.75e-5
1881	7.08e-5
1882	6.41e-5
1883	5.73e-5
1884	5.06e-5
1885	4.39e-5
1886	7.98e-5
1887	1.16e-4
1888	1.52e-4
1889	1.87e-4
1890	2.23e-4
1891	2.05e-4
1892	1.86e-4
1893	1.67e-4
1894	1.48e-4
1895	1.29e-4
1896	1.04e-4
1897	7.8e-5
1898	5.23e-5
1899	2.66e-5
1900	8.62e-7
1901	8.03e-7
1902	7.44e-7
1903	6.85e-7
1904	6.26e-7
1905	5.67e-7
1906	5.06e-6
1907	9.56e-6
1908	1.41e-5
1909	1.85e-5
1910	2.3e-5
1911	2.24e-5
1912	2.18e-5
1913	2.12e-5
1914	2.06e-5
1915	1.99e-5
1916	1.06e-4
1917	1.92e-4
1918	2.78e-4
1919	3.65e-4
1920	4.51e-4
1921	5.48e-4
1922	6.45e-4
1923	7.42e-4
1924	8.39e-4
1925	9.36e-4
1926	8.59e-4
1927	7.83e-4
1928	7.06e-4
1929	6.29e-4
1930	5.52e-4
1931	0
1932	0
1933	0
1934	0
1935	0
1936	0
1937	0
1938	0
1939	0
1940	0
1941	0
1942	0.01
1943	0.01
1944	0.01
1945	0.01
1946	0.01
1947	0.01
1948	0.01
1949	0.02
1950	0.02
1951	0.02
1952	0.01
1953	0.01
1954	0.01
1955	0.01
1956	0.01
1957	0.01
1958	0.02
1959	0.02
1960	0.02
1961	0.02
1962	0.02
1963	0.03
1964	0.03
1965	0.03
1966	0.03
1967	0.04
1968	0.04
1969	0.04
1970	0.05
1971	0.05
1972	0.06
1973	0.06
1974	0.06
1975	0.07
1976	0.07
1977	0.07
1978	0.07
1979	0.07
1980	0.08
1981	0.08
1982	0.08
1983	0.08
1984	0.08
1985	0.08
1986	0.08
1987	0.08
1988	0.08
1989	0.09
1990	0.09
1991	0.08
1992	0.08
1993	0.08
1994	0.08
1995	0.08
1996	0.07
1997	0.06
1998	0.06
1999	0.05
2000	0.04
2001	0.03
2002	0.03
2003	0.02
2004	0.02
2005	0.02
2006	0.02
2007	0.02
2008	0.03
2009	0.03
2010	0.04
2011	0.04
2012	0.03
2013	0.03
2014	0.03
2015	0.03
2016	0.03
2017	0.03
2018	0.04
2019	0.04
2020	0.04
2021	0.05
2022	0.06
2023	0.06
2024	0.07
2025	0.07
2026	0.08
2027	0.08
2028	0.08
2029	0.08
2030	0.08
2031	0.09
2032	0.09
2033	0.09
2034	0.09
2035	0.1
2036	0.1
2037	0.09
2038	0.09
2039	0.09
2040	0.09
2041	0.09
2042	0.09
2043	0.09
2044	0.09
2045	0.09
2046	0.09
2047	0.08
2048	0.08
2049	0.07
2050	0.07
2051	0.07
2052	0.06
2053	0.06
2054	0.06
2055	0.05
2056	0.06
2057	0.06
2058	0.06
2059	0.07
2060	0.07
2061	0.07
2062	0.07
2063	0.06
2064	0.06
2065	0.06
2066	0.06
2067	0.06
2068	0.06
2069	0.06
2070	0.07
2071	0.07
2072	0.07
2073	0.07
2074	0.08
2075	0.08
2076	0.08
2077	0.08
2078	0.08
2079	0.08
2080	0.09
2081	0.09
2082	0.09
2083	0.09
2084	0.09
2085	0.09
2086	0.09
2087	0.09
2088	0.09
2089	0.09
2090	0.09
2091	0.09
2092	0.09
2093	0.09
2094	0.09
2095	0.09
2096	0.09
2097	0.09
2098	0.09
2099	0.09
2100	0.09
2101	0.09
2102	0.09
2103	0.09
2104	0.09
2105	0.09
2106	0.09
2107	0.09
2108	0.09
2109	0.09
2110	0.09
2111	0.09
2112	0.09
2113	0.09
2114	0.09
2115	0.09
2116	0.09
2117	0.09
2118	0.09
2119	0.09
2120	0.09
2121	0.09
2122	0.09
2123	0.09
2124	0.09
2125	0.09
2126	0.09
2127	0.09
2128	0.09
2129	0.09
2130	0.09
2131	0.09
2132	0.09
2133	0.09
2134	0.09
2135	0.09
2136	0.09
2137	0.09
2138	0.09
2139	0.09
2140	0.09
2141	0.09
2142	0.09
2143	0.09
2144	0.09
2145	0.09
2146	0.09
2147	0.09
2148	0.09
2149	0.09
2150	0.08
2151	0.08
2152	0.08
2153	0.08
2154	0.08
2155	0.08
2156	0.08
2157	0.08
2158	0.08
2159	0.08
2160	0.08
2161	0.08
2162	0.08
2163	0.08
2164	0.08
2165	0.08
2166	0.08
2167	0.08
2168	0.08
2169	0.08
2170	0.08
2171	0.08
2172	0.08
2173	0.08
2174	0.08
2175	0.08
2176	0.08
2177	0.08
2178	0.08
2179	0.08
2180	0.08
2181	0.08
2182	0.08
2183	0.08
2184	0.08
2185	0.07
2186	0.08
2187	0.08
2188	0.08
2189	0.08
2190	0.08
2191	0.08
2192	0.08
2193	0.08
2194	0.08
2195	0.08
2196	0.08
2197	0.08
2198	0.07
2199	0.07
2200	0.07
2201	0.07
2202	0.07
2203	0.07
2204	0.07
2205	0.07
2206	0.08
2207	0.08
2208	0.08
2209	0.08
2210	0.08
2211	0.08
2212	0.08
2213	0.08
2214	0.08
2215	0.08
2216	0.08
2217	0.08
2218	0.08
2219	0.08
2220	0.08
2221	0.08
2222	0.08
2223	0.08
2224	0.08
2225	0.08
2226	0.08
2227	0.08
2228	0.08
2229	0.08
2230	0.08
2231	0.08
2232	0.08
2233	0.07
2234	0.07
2235	0.07
2236	0.07
2237	0.07
2238	0.07
2239	0.07
2240	0.07
2241	0.07
2242	0.07
2243	0.07
2244	0.07
2245	0.07
2246	0.07
2247	0.07
2248	0.07
2249	0.07
2250	0.07
2251	0.07
2252	0.07
2253	0.07
2254	0.07
2255	0.07
2256	0.07
2257	0.07
2258	0.07
2259	0.07
2260	0.07
2261	0.07
2262	0.07
2263	0.07
2264	0.07
2265	0.07
2266	0.07
2267	0.07
2268	0.07
2269	0.07
2270	0.06
2271	0.06
2272	0.06
2273	0.06
2274	0.06
2275	0.06
2276	0.06
2277	0.06
2278	0.07
2279	0.07
2280	0.07
2281	0.07
2282	0.07
2283	0.06
2284	0.06
2285	0.06
2286	0.06
2287	0.06
2288	0.06
2289	0.06
2290	0.06
2291	0.06
2292	0.06
2293	0.06
2294	0.06
2295	0.06
2296	0.06
2297	0.06
2298	0.06
2299	0.06
2300	0.06
2301	0.06
2302	0.06
2303	0.06
2304	0.06
2305	0.06
2306	0.06
2307	0.06
2308	0.06
2309	0.06
2310	0.06
2311	0.06
2312	0.06
2313	0.06
2314	0.06
2315	0.06
2316	0.06
2317	0.06
2318	0.05
2319	0.05
2320	0.05
2321	0.05
2322	0.05
2323	0.05
2324	0.06
2325	0.06
2326	0.06
2327	0.06
2328	0.06
2329	0.06
2330	0.06
2331	0.06
2332	0.06
2333	0.06
2334	0.06
2335	0.06
2336	0.06
2337	0.05
2338	0.05
2339	0.05
2340	0.05
2341	0.05
2342	0.05
2343	0.05
2344	0.05
2345	0.05
2346	0.05
2347	0.05
2348	0.05
2349	0.04
2350	0.04
2351	0.04
2352	0.04
2353	0.05
2354	0.05
2355	0.05
2356	0.05
2357	0.05
2358	0.05
2359	0.05
2360	0.05
2361	0.05
2362	0.05
2363	0.05
2364	0.05
2365	0.05
2366	0.05
2367	0.04
2368	0.04
2369	0.03
2370	0.03
2371	0.03
2372	0.04
2373	0.04
2374	0.04
2375	0.04
2376	0.04
2377	0.04
2378	0.04
2379	0.04
2380	0.04
2381	0.04
2382	0.04
2383	0.04
2384	0.03
2385	0.03
2386	0.03
2387	0.03
2388	0.03
2389	0.04
2390	0.04
2391	0.04
2392	0.04
2393	0.04
2394	0.04
2395	0.04
2396	0.04
2397	0.04
2398	0.04
2399	0.04
2400	0.04
2401	0.04
2402	0.04
2403	0.04
2404	0.04
2405	0.03
2406	0.03
2407	0.03
2408	0.03
2409	0.03
2410	0.03
2411	0.03
2412	0.03
2413	0.03
2414	0.03
2415	0.03
2416	0.03
2417	0.03
2418	0.03
2419	0.03
2420	0.03
2421	0.03
2422	0.03
2423	0.03
2424	0.03
2425	0.03
2426	0.04
2427	0.04
2428	0.04
2429	0.04
2430	0.05
2431	0.04
2432	0.03
2433	0.03
2434	0.02
2435	0.01
2436	0.02
2437	0.03
2438	0.03
2439	0.04
2440	0.04
2441	0.04
2442	0.03
2443	0.03
2444	0.03
2445	0.02
2446	0.02
2447	0.02
2448	0.02
2449	0.02
2450	0.01
2451	0.02
2452	0.02
2453	0.02
2454	0.02
2455	0.02
2456	0.03
2457	0.03
2458	0.03
2459	0.03
2460	0.03
2461	0.03
2462	0.03
2463	0.03
2464	0.03
2465	0.02
2466	0.02
2467	0.02
2468	0.02
2469	0.02
2470	0.02
2471	0.02
2472	0.02
2473	0.02
2474	0.02
2475	0.02
2476	0.01
2477	0.01
2478	0.01
2479	0.01
2480	0.01
2481	0.01
2482	0.01
2483	0.01
2484	0.01
2485	0.01
2486	0.01
2487	0
2488	0
2489	0
2490	0
2491	0
2492	0
2493	0
2494	0
2495	0
2496	0
2497	0
2498	0.01
2499	0.01
2500	0.01
2501	0.01
2502	0
2503	0
2504	0
2505	0
2506	0
2507	0
2508	0
2509	0
2510	0
2511	0
2512	0
2513	0
2514	8.58e-4
2515	5.19e-4
2516	4.89e-4
2517	4.59e-4
2518	4.3e-4
2519	4e-4
2520	3.71e-4
2521	3.05e-4
2522	2.39e-4
2523	1.73e-4
2524	1.07e-4
2525	4.14e-5
2526	3.32e-5
2527	2.51e-5
2528	1.69e-5
2529	8.79e-6
2530	6.36e-7
2531	5.44e-7
2532	4.52e-7
2533	3.59e-7
2534	2.67e-7
2535	1.75e-7
2536	2.15e-7
2537	2.56e-7
2538	2.96e-7
2539	3.37e-7
2540	3.77e-7
2541	3.02e-7
2542	2.26e-7
2543	1.51e-7
2544	7.55e-8
2545	5.38e-11
2546	4.31e-11
2547	3.24e-11
2548	2.17e-11
2549	1.1e-11
2550	2.82e-13
2551	2.09e-10
2552	4.18e-10
2553	6.26e-10
2554	8.35e-10
2555	1.04e-9
2556	8.41e-10
2557	6.39e-10
2558	4.36e-10
2559	2.34e-10
2560	3.1e-11
2561	2.48e-11
2562	1.86e-11
2563	1.24e-11
2564	6.22e-12
2565	1.6e-14
2566	1.28e-14
2567	9.57e-15
2568	6.38e-15
2569	3.19e-15
2570	1.53e-18
2571	1.22e-18
2572	9.15e-19
2573	6.1e-19
2574	3.05e-19
2575	1.08e-27
2576	7.64e-23
2577	1.53e-22
2578	2.29e-22
2579	3.06e-22
2580	3.82e-22
2581	3.06e-22
2582	2.29e-22
2583	1.53e-22
2584	7.64e-23
2585	1.72e-34
2586	1.1e-31
2587	2.19e-31
2588	3.29e-31
2589	4.38e-31
2590	5.48e-31
2591	4.39e-31
2592	3.3e-31
2593	2.21e-31
2594	1.11e-31
2595	2.28e-33
2596	8.98e-29
2597	1.8e-28
2598	2.69e-28
2599	3.59e-28
2600	4.49e-28
2601	3.59e-28
2602	2.69e-28
2603	1.8e-28
2604	8.98e-29
2605	5.81e-35
2606	1.65e-34
2607	2.73e-34
2608	3.8e-34
2609	4.87e-34
2610	5.94e-34
2611	4.76e-34
2612	3.57e-34
2613	2.38e-34
2614	1.19e-34
2615	1.12e-37
2616	1.13e-29
2617	2.26e-29
2618	3.39e-29
2619	4.52e-29
2620	5.65e-29
2621	1.23e-28
2622	1.89e-28
2623	2.55e-28
2624	3.21e-28
2625	3.87e-28
2626	3.09e-28
2627	2.32e-28
2628	1.55e-28
2629	7.74e-29
2630	2.8e-45
2631	7.81e-17
2632	1.56e-16
2633	2.34e-16
2634	3.12e-16
2635	3.9e-16
2636	3.36e-16
2637	2.81e-16
2638	2.27e-16
2639	1.72e-16
2640	1.18e-16
2641	9.42e-17
2642	7.09e-17
2643	4.75e-17
2644	2.42e-17
2645	9e-19
2646	7.48e-19
2647	5.97e-19
2648	4.46e-19
2649	2.94e-19
2650	1.43e-19
2651	1.14e-19
2652	8.58e-20
2653	5.72e-20
2654	2.86e-20
2655	1.31e-27
2656	5.32e-26
2657	1.05e-25
2658	1.57e-25
2659	2.09e-25
2660	2.61e-25
2661	2.09e-25
2662	1.56e-25
2663	1.04e-25
2664	5.21e-26
2665	1.11e-37
2666	8.9e-38
2667	6.67e-38
2668	4.45e-38
2669	2.22e-38
2670	0
2671	0
2672	0
2673	0
2674	0
2675	0
2676	0
2677	0
2678	0
2679	0
2680	0
2681	0
2682	0
2683	0
2684	0
2685	0
2686	2.05e-30
2687	4.09e-30
2688	6.14e-30
2689	8.18e-30
2690	1.02e-29
2691	8.18e-30
2692	6.14e-30
2693	4.09e-30
2694	2.05e-30
2695	7.13e-33
2696	5.7e-33
2697	4.28e-33
2698	2.85e-33
2699	1.43e-33
2700	0
2701	5.86e-43
2702	1.17e-42
2703	1.76e-42
2704	2.35e-42
2705	2.93e-42
2706	2.25e-36
2707	4.5e-36
2708	6.75e-36
2709	9e-36
2710	1.13e-35
2711	7.71e-27
2712	1.54e-26
2713	2.31e-26
2714	3.08e-26
2715	3.86e-26
2716	3.08e-26
2717	2.31e-26
2718	1.54e-26
2719	7.71e-27
2720	5.61e-45
2721	1.46e-22
2722	2.92e-22
2723	4.38e-22
2724	5.83e-22
2725	7.29e-22
2726	1.22e-19
2727	2.43e-19
2728	3.65e-19
2729	4.86e-19
2730	6.07e-19
2731	4.87e-19
2732	3.67e-19
2733	2.46e-19
2734	1.26e-19
2735	5.49e-21
2736	4.39e-21
2737	3.29e-21
2738	2.2e-21
2739	1.1e-21
2740	2.33e-27
2741	2.63e-24
2742	5.26e-24
2743	7.89e-24
2744	1.05e-23
2745	1.31e-23
2746	1.05e-23
2747	7.89e-24
2748	5.26e-24
2749	2.63e-24
2750	1.66e-28
2751	1.33e-28
2752	9.99e-29
2753	6.66e-29
2754	3.33e-29
2755	6.73e-44
2756	5.38e-44
2757	4.04e-44
2758	2.69e-44
2759	1.35e-44
2760	0
2761	5.36e-28
2762	1.07e-27
2763	1.61e-27
2764	2.14e-27
2765	2.68e-27
2766	1.68e-24
2767	3.35e-24
2768	5.03e-24
2769	6.7e-24
2770	8.38e-24
2771	6.7e-24
2772	5.03e-24
2773	3.35e-24
2774	1.68e-24
2775	4e-38
2776	9.62e-35
2777	1.92e-34
2778	2.88e-34
2779	3.85e-34
2780	4.81e-34
2781	7.77e-28
2782	1.55e-27
2783	2.33e-27
2784	3.11e-27
2785	3.89e-27
2786	2.43e-17
2787	4.87e-17
2788	7.3e-17
2789	9.74e-17
2790	1.22e-16
2791	1.7e-16
2792	2.18e-16
2793	2.66e-16
2794	3.14e-16
2795	3.62e-16
2796	3.3e-13
2797	6.6e-13
2798	9.89e-13
2799	1.32e-12
2800	1.65e-12
2801	1.33e-12
2802	1.02e-12
2803	7e-13
2804	3.84e-13
2805	6.75e-14
2806	8.05e-11
2807	1.61e-10
2808	2.41e-10
2809	3.22e-10
2810	4.02e-10
2811	3.79e-10
2812	3.56e-10
2813	3.33e-10
2814	3.1e-10
2815	2.87e-10
2816	2.34e-10
2817	1.8e-10
2818	1.27e-10
2819	7.38e-11
2820	2.05e-11
2821	3.52e-8
2822	7.04e-8
2823	1.06e-7
2824	1.41e-7
2825	1.76e-7
2826	9.21e-7
2827	1.67e-6
2828	2.41e-6
2829	3.16e-6
2830	3.9e-6
2831	3.12e-6
2832	2.34e-6
2833	1.56e-6
2834	7.8e-7
2835	2.13e-10
2836	3.94e-8
2837	7.86e-8
2838	1.18e-7
2839	1.57e-7
2840	1.96e-7
2841	8.27e-6
2842	1.63e-5
2843	2.44e-5
2844	3.25e-5
2845	4.06e-5
2846	3.27e-5
2847	2.48e-5
2848	1.69e-5
2849	9.04e-6
2850	1.16e-6
2851	1.02e-6
2852	8.73e-7
2853	7.32e-7
2854	5.9e-7
2855	4.49e-7
2856	5.43e-6
2857	1.04e-5
2858	1.54e-5
2859	2.04e-5
2860	2.54e-5
2861	5.38e-5
2862	8.23e-5
2863	1.11e-4
2864	1.39e-4
2865	1.68e-4
2866	1.35e-4
2867	1.03e-4
2868	7.08e-5
2869	3.86e-5
2870	6.31e-6
2871	8.34e-5
2872	1.6e-4
2873	2.38e-4
2874	3.15e-4
2875	3.92e-4
2876	3.63e-4
2877	3.34e-4
2878	3.05e-4
2879	2.76e-4
2880	2.47e-4
2881	2.88e-4
2882	3.3e-4
2883	3.71e-4
2884	4.12e-4
2885	4.53e-4
2886	4e-4
2887	3.46e-4
2888	2.93e-4
2889	2.4e-4
2890	1.86e-4
2891	6.82e-4
2892	0
2893	0
2894	0
2895	0
2896	0
2897	0
2898	0
2899	0
2900	8.12e-4
2901	6.71e-4
2902	5.31e-4
2903	3.91e-4
2904	2.51e-4
2905	1.11e-4
2906	6.33e-4
2907	0
2908	0
2909	0
2910	0
2911	0
2912	0
2913	0
2914	0
2915	0
2916	0
2917	0
2918	0
2919	0
2920	0
2921	0
2922	0
2923	0
2924	0
2925	0
2926	0
2927	0
2928	0
2929	0
2930	0.01
2931	0.01
2932	0.01
2933	0.01
2934	0.01
2935	0.01
2936	0.01
2937	0
2938	0
2939	0
2940	0
2941	0
2942	0
2943	0
2944	0
2945	0
2946	0
2947	0
2948	0
2949	0
2950	0.01
2951	0
2952	0
2953	0
2954	0
2955	0
2956	0
2957	0
2958	0
2959	0
2960	0
2961	0.01
2962	0.01
2963	0.01
2964	0.01
2965	0.01
2966	0.01
2967	0
2968	0
2969	0
2970	3.52e-4
2971	4.53e-4
2972	5.53e-4
2973	6.54e-4
2974	7.54e-4
2975	8.54e-4
2976	9.51e-4
2977	0
2978	0
2979	0
2980	0
2981	0
2982	0
2983	0
2984	0.01
2985	0.01
2986	0.01
2987	0.01
2988	0.01
2989	0.01
2990	0.01
2991	0.01
2992	0.01
2993	0.01
2994	0.01
2995	0
2996	0
2997	0.01
2998	0.01
2999	0.01
3000	0.01